1.000000000000000000e+00 1.131500000000000000e+05
2.000000000000000000e+00 1.131500000000000000e+05
3.000000000000000000e+00 1.127750000000000000e+05
4.000000000000000000e+00 1.120310000000000000e+05
5.000000000000000000e+00 1.121920000000000000e+05
6.000000000000000000e+00 1.120310000000000000e+05
7.000000000000000000e+00 1.120640000000000000e+05
8.000000000000000000e+00 1.119340000000000000e+05
9.000000000000000000e+00 1.119390000000000000e+05
1.000000000000000000e+01 1.121900000000000000e+05
1.100000000000000000e+01 1.119060000000000000e+05
1.200000000000000000e+01 1.125250000000000000e+05
1.300000000000000000e+01 1.131420000000000000e+05
1.400000000000000000e+01 1.122060000000000000e+05
1.500000000000000000e+01 1.119990000000000000e+05
1.600000000000000000e+01 1.126840000000000000e+05
1.700000000000000000e+01 1.125690000000000000e+05
1.800000000000000000e+01 1.117940000000000000e+05
1.900000000000000000e+01 1.124790000000000000e+05
2.000000000000000000e+01 1.120930000000000000e+05
2.100000000000000000e+01 1.123440000000000000e+05
2.200000000000000000e+01 1.119860000000000000e+05
2.300000000000000000e+01 1.125290000000000000e+05
2.400000000000000000e+01 1.120160000000000000e+05
2.500000000000000000e+01 1.126740000000000000e+05
2.600000000000000000e+01 1.124530000000000000e+05
2.700000000000000000e+01 1.120710000000000000e+05
2.800000000000000000e+01 1.124740000000000000e+05
2.900000000000000000e+01 1.123840000000000000e+05
3.000000000000000000e+01 1.119910000000000000e+05
3.100000000000000000e+01 1.120980000000000000e+05
3.200000000000000000e+01 1.125840000000000000e+05
3.300000000000000000e+01 1.127010000000000000e+05
3.400000000000000000e+01 1.123700000000000000e+05
3.500000000000000000e+01 1.122760000000000000e+05
3.600000000000000000e+01 1.121610000000000000e+05
3.700000000000000000e+01 1.129600000000000000e+05
3.800000000000000000e+01 1.125360000000000000e+05
3.900000000000000000e+01 1.123890000000000000e+05
4.000000000000000000e+01 1.118230000000000000e+05
4.100000000000000000e+01 1.118520000000000000e+05
4.200000000000000000e+01 1.119930000000000000e+05
4.300000000000000000e+01 1.117300000000000000e+05
4.400000000000000000e+01 1.116700000000000000e+05
4.500000000000000000e+01 1.123770000000000000e+05
4.600000000000000000e+01 1.120310000000000000e+05
4.700000000000000000e+01 1.122270000000000000e+05
4.800000000000000000e+01 1.118720000000000000e+05
4.900000000000000000e+01 1.114770000000000000e+05
5.000000000000000000e+01 1.118030000000000000e+05
5.100000000000000000e+01 1.114600000000000000e+05
5.200000000000000000e+01 1.113220000000000000e+05
5.300000000000000000e+01 1.111140000000000000e+05
5.400000000000000000e+01 1.115460000000000000e+05
5.500000000000000000e+01 1.113730000000000000e+05
5.600000000000000000e+01 1.114380000000000000e+05
5.700000000000000000e+01 1.112130000000000000e+05
5.800000000000000000e+01 1.103030000000000000e+05
5.900000000000000000e+01 1.109390000000000000e+05
6.000000000000000000e+01 1.108410000000000000e+05
6.100000000000000000e+01 1.099270000000000000e+05
6.200000000000000000e+01 1.091350000000000000e+05
6.300000000000000000e+01 1.086920000000000000e+05
6.400000000000000000e+01 1.076620000000000000e+05
6.500000000000000000e+01 1.072660000000000000e+05
6.600000000000000000e+01 1.063310000000000000e+05
6.700000000000000000e+01 1.043890000000000000e+05
6.800000000000000000e+01 1.026430000000000000e+05
6.900000000000000000e+01 1.007720000000000000e+05
7.000000000000000000e+01 9.948200000000000000e+04
7.100000000000000000e+01 9.845300000000000000e+04
7.200000000000000000e+01 9.699200000000000000e+04
7.300000000000000000e+01 9.596100000000000000e+04
7.400000000000000000e+01 9.557300000000000000e+04
7.500000000000000000e+01 9.469400000000000000e+04
7.600000000000000000e+01 9.603700000000000000e+04
7.700000000000000000e+01 9.743200000000000000e+04
7.800000000000000000e+01 9.911000000000000000e+04
7.900000000000000000e+01 1.017530000000000000e+05
8.000000000000000000e+01 1.030590000000000000e+05
8.100000000000000000e+01 1.049840000000000000e+05
8.200000000000000000e+01 1.062390000000000000e+05
8.300000000000000000e+01 1.066090000000000000e+05
8.400000000000000000e+01 1.069170000000000000e+05
8.500000000000000000e+01 1.080660000000000000e+05
8.600000000000000000e+01 1.080410000000000000e+05
8.700000000000000000e+01 1.090600000000000000e+05
8.800000000000000000e+01 1.090960000000000000e+05
8.900000000000000000e+01 1.093270000000000000e+05
9.000000000000000000e+01 1.105850000000000000e+05
9.100000000000000000e+01 1.098480000000000000e+05
9.200000000000000000e+01 1.102690000000000000e+05
9.300000000000000000e+01 1.101320000000000000e+05
9.400000000000000000e+01 1.101710000000000000e+05
9.500000000000000000e+01 1.115930000000000000e+05
9.600000000000000000e+01 1.110620000000000000e+05
9.700000000000000000e+01 1.109730000000000000e+05
9.800000000000000000e+01 1.113600000000000000e+05
9.900000000000000000e+01 1.113730000000000000e+05
1.000000000000000000e+02 1.118550000000000000e+05
1.010000000000000000e+02 1.120120000000000000e+05
1.020000000000000000e+02 1.118370000000000000e+05
1.030000000000000000e+02 1.118830000000000000e+05
1.040000000000000000e+02 1.120810000000000000e+05
1.050000000000000000e+02 1.116980000000000000e+05
1.060000000000000000e+02 1.114870000000000000e+05
1.070000000000000000e+02 1.118060000000000000e+05
1.080000000000000000e+02 1.119300000000000000e+05
1.090000000000000000e+02 1.118200000000000000e+05
1.100000000000000000e+02 1.115800000000000000e+05
1.110000000000000000e+02 1.117140000000000000e+05
1.120000000000000000e+02 1.114360000000000000e+05
1.130000000000000000e+02 1.122500000000000000e+05
1.140000000000000000e+02 1.119130000000000000e+05
1.150000000000000000e+02 1.118180000000000000e+05
1.160000000000000000e+02 1.113820000000000000e+05
1.170000000000000000e+02 1.119520000000000000e+05
1.180000000000000000e+02 1.116150000000000000e+05
1.190000000000000000e+02 1.115560000000000000e+05
1.200000000000000000e+02 1.115500000000000000e+05
1.210000000000000000e+02 1.117820000000000000e+05
1.220000000000000000e+02 1.114560000000000000e+05
1.230000000000000000e+02 1.112250000000000000e+05
1.240000000000000000e+02 1.122310000000000000e+05
1.250000000000000000e+02 1.117730000000000000e+05
1.260000000000000000e+02 1.124660000000000000e+05
1.270000000000000000e+02 1.113620000000000000e+05
1.280000000000000000e+02 1.115640000000000000e+05
1.290000000000000000e+02 1.108890000000000000e+05
1.300000000000000000e+02 1.112970000000000000e+05
1.310000000000000000e+02 1.113310000000000000e+05
1.320000000000000000e+02 1.107000000000000000e+05
1.330000000000000000e+02 1.101980000000000000e+05
1.340000000000000000e+02 1.110040000000000000e+05
1.350000000000000000e+02 1.107270000000000000e+05
1.360000000000000000e+02 1.106120000000000000e+05
1.370000000000000000e+02 1.098550000000000000e+05
1.380000000000000000e+02 1.091850000000000000e+05
1.390000000000000000e+02 1.092830000000000000e+05
1.400000000000000000e+02 1.081880000000000000e+05
1.410000000000000000e+02 1.070920000000000000e+05
1.420000000000000000e+02 1.053280000000000000e+05
1.430000000000000000e+02 1.030120000000000000e+05
1.440000000000000000e+02 1.018860000000000000e+05
1.450000000000000000e+02 1.009500000000000000e+05
1.460000000000000000e+02 9.758100000000000000e+04
1.470000000000000000e+02 9.712100000000000000e+04
1.480000000000000000e+02 9.761100000000000000e+04
1.490000000000000000e+02 9.748200000000000000e+04
1.500000000000000000e+02 9.674600000000000000e+04
1.510000000000000000e+02 9.778300000000000000e+04
1.520000000000000000e+02 9.766200000000000000e+04
1.530000000000000000e+02 1.007490000000000000e+05
1.540000000000000000e+02 1.020620000000000000e+05
1.550000000000000000e+02 1.039410000000000000e+05
1.560000000000000000e+02 1.053950000000000000e+05
1.570000000000000000e+02 1.056300000000000000e+05
1.580000000000000000e+02 1.069460000000000000e+05
1.590000000000000000e+02 1.079690000000000000e+05
1.600000000000000000e+02 1.087040000000000000e+05
1.610000000000000000e+02 1.097270000000000000e+05
1.620000000000000000e+02 1.093090000000000000e+05
1.630000000000000000e+02 1.104670000000000000e+05
1.640000000000000000e+02 1.106800000000000000e+05
1.650000000000000000e+02 1.111360000000000000e+05
1.660000000000000000e+02 1.108870000000000000e+05
1.670000000000000000e+02 1.107270000000000000e+05
1.680000000000000000e+02 1.104890000000000000e+05
1.690000000000000000e+02 1.113120000000000000e+05
1.700000000000000000e+02 1.118250000000000000e+05
1.710000000000000000e+02 1.115530000000000000e+05
1.720000000000000000e+02 1.113740000000000000e+05
1.730000000000000000e+02 1.117750000000000000e+05
1.740000000000000000e+02 1.120200000000000000e+05
1.750000000000000000e+02 1.125180000000000000e+05
1.760000000000000000e+02 1.110030000000000000e+05
1.770000000000000000e+02 1.124790000000000000e+05
1.780000000000000000e+02 1.118060000000000000e+05
1.790000000000000000e+02 1.112190000000000000e+05
1.800000000000000000e+02 1.115700000000000000e+05
1.810000000000000000e+02 1.115110000000000000e+05
1.820000000000000000e+02 1.121370000000000000e+05
1.830000000000000000e+02 1.111420000000000000e+05
1.840000000000000000e+02 1.119660000000000000e+05
1.850000000000000000e+02 1.114230000000000000e+05
1.860000000000000000e+02 1.120880000000000000e+05
1.870000000000000000e+02 1.117030000000000000e+05
1.880000000000000000e+02 1.118710000000000000e+05
1.890000000000000000e+02 1.112860000000000000e+05
1.900000000000000000e+02 1.120630000000000000e+05
1.910000000000000000e+02 1.117150000000000000e+05
1.920000000000000000e+02 1.115240000000000000e+05
1.930000000000000000e+02 1.116600000000000000e+05
1.940000000000000000e+02 1.129480000000000000e+05
1.950000000000000000e+02 1.121830000000000000e+05
1.960000000000000000e+02 1.119200000000000000e+05
1.970000000000000000e+02 1.114840000000000000e+05
1.980000000000000000e+02 1.120210000000000000e+05
1.990000000000000000e+02 1.117030000000000000e+05
2.000000000000000000e+02 1.119780000000000000e+05
2.010000000000000000e+02 1.116310000000000000e+05
2.020000000000000000e+02 1.123310000000000000e+05
2.030000000000000000e+02 1.113710000000000000e+05
2.040000000000000000e+02 1.114160000000000000e+05
2.050000000000000000e+02 1.115570000000000000e+05
2.060000000000000000e+02 1.114020000000000000e+05
2.070000000000000000e+02 1.114370000000000000e+05
2.080000000000000000e+02 1.113880000000000000e+05
2.090000000000000000e+02 1.114710000000000000e+05
2.100000000000000000e+02 1.119160000000000000e+05
2.110000000000000000e+02 1.115090000000000000e+05
2.120000000000000000e+02 1.115730000000000000e+05
2.130000000000000000e+02 1.109590000000000000e+05
2.140000000000000000e+02 1.107580000000000000e+05
2.150000000000000000e+02 1.103690000000000000e+05
2.160000000000000000e+02 1.102670000000000000e+05
2.170000000000000000e+02 1.099320000000000000e+05
2.180000000000000000e+02 1.096580000000000000e+05
2.190000000000000000e+02 1.086570000000000000e+05
2.200000000000000000e+02 1.076280000000000000e+05
2.210000000000000000e+02 1.054660000000000000e+05
2.220000000000000000e+02 1.044380000000000000e+05
2.230000000000000000e+02 1.036680000000000000e+05
2.240000000000000000e+02 1.039190000000000000e+05
2.250000000000000000e+02 1.043920000000000000e+05
2.260000000000000000e+02 1.044500000000000000e+05
2.270000000000000000e+02 1.048110000000000000e+05
2.280000000000000000e+02 1.057880000000000000e+05
2.290000000000000000e+02 1.063050000000000000e+05
2.300000000000000000e+02 1.076630000000000000e+05
2.310000000000000000e+02 1.085730000000000000e+05
2.320000000000000000e+02 1.084410000000000000e+05
2.330000000000000000e+02 1.093800000000000000e+05
2.340000000000000000e+02 1.104470000000000000e+05
2.350000000000000000e+02 1.104450000000000000e+05
2.360000000000000000e+02 1.115870000000000000e+05
2.370000000000000000e+02 1.103990000000000000e+05
2.380000000000000000e+02 1.112390000000000000e+05
2.390000000000000000e+02 1.109390000000000000e+05
2.400000000000000000e+02 1.115350000000000000e+05
2.410000000000000000e+02 1.108760000000000000e+05
2.420000000000000000e+02 1.113790000000000000e+05
2.430000000000000000e+02 1.114970000000000000e+05
2.440000000000000000e+02 1.117030000000000000e+05
2.450000000000000000e+02 1.115190000000000000e+05
2.460000000000000000e+02 1.107330000000000000e+05
2.470000000000000000e+02 1.112380000000000000e+05
2.480000000000000000e+02 1.109310000000000000e+05
2.490000000000000000e+02 1.112520000000000000e+05
2.500000000000000000e+02 1.114030000000000000e+05
2.510000000000000000e+02 1.114030000000000000e+05
2.520000000000000000e+02 1.114360000000000000e+05
2.530000000000000000e+02 1.114640000000000000e+05
2.540000000000000000e+02 1.114150000000000000e+05
2.550000000000000000e+02 1.116510000000000000e+05
2.560000000000000000e+02 1.106550000000000000e+05
2.570000000000000000e+02 1.117130000000000000e+05
2.580000000000000000e+02 1.107510000000000000e+05
2.590000000000000000e+02 1.113240000000000000e+05
2.600000000000000000e+02 1.116640000000000000e+05
2.610000000000000000e+02 1.118830000000000000e+05
2.620000000000000000e+02 1.117620000000000000e+05
2.630000000000000000e+02 1.120410000000000000e+05
2.640000000000000000e+02 1.106770000000000000e+05
2.650000000000000000e+02 1.113310000000000000e+05
2.660000000000000000e+02 1.108980000000000000e+05
2.670000000000000000e+02 1.110860000000000000e+05
2.680000000000000000e+02 1.112100000000000000e+05
2.690000000000000000e+02 1.107480000000000000e+05
2.700000000000000000e+02 1.103290000000000000e+05
2.710000000000000000e+02 1.100160000000000000e+05
2.720000000000000000e+02 1.105650000000000000e+05
2.730000000000000000e+02 1.106680000000000000e+05
2.740000000000000000e+02 1.093940000000000000e+05
2.750000000000000000e+02 1.087410000000000000e+05
2.760000000000000000e+02 1.086590000000000000e+05
2.770000000000000000e+02 1.076110000000000000e+05
2.780000000000000000e+02 1.068510000000000000e+05
2.790000000000000000e+02 1.054980000000000000e+05
2.800000000000000000e+02 1.055280000000000000e+05
2.810000000000000000e+02 1.039130000000000000e+05
2.820000000000000000e+02 1.036220000000000000e+05
2.830000000000000000e+02 1.042200000000000000e+05
2.840000000000000000e+02 1.039840000000000000e+05
2.850000000000000000e+02 1.047910000000000000e+05
2.860000000000000000e+02 1.066880000000000000e+05
2.870000000000000000e+02 1.073250000000000000e+05
2.880000000000000000e+02 1.080150000000000000e+05
2.890000000000000000e+02 1.086910000000000000e+05
2.900000000000000000e+02 1.090000000000000000e+05
2.910000000000000000e+02 1.099010000000000000e+05
2.920000000000000000e+02 1.100180000000000000e+05
2.930000000000000000e+02 1.104510000000000000e+05
2.940000000000000000e+02 1.109990000000000000e+05
2.950000000000000000e+02 1.109660000000000000e+05
2.960000000000000000e+02 1.112130000000000000e+05
2.970000000000000000e+02 1.104980000000000000e+05
2.980000000000000000e+02 1.114090000000000000e+05
2.990000000000000000e+02 1.115410000000000000e+05
3.000000000000000000e+02 1.116590000000000000e+05
3.010000000000000000e+02 1.117830000000000000e+05
3.020000000000000000e+02 1.117070000000000000e+05
3.030000000000000000e+02 1.115960000000000000e+05
3.040000000000000000e+02 1.113710000000000000e+05
3.050000000000000000e+02 1.120790000000000000e+05
3.060000000000000000e+02 1.119590000000000000e+05
3.070000000000000000e+02 1.116940000000000000e+05
3.080000000000000000e+02 1.112620000000000000e+05
3.090000000000000000e+02 1.124600000000000000e+05
3.100000000000000000e+02 1.124630000000000000e+05
3.110000000000000000e+02 1.117720000000000000e+05
3.120000000000000000e+02 1.119960000000000000e+05
3.130000000000000000e+02 1.115090000000000000e+05
3.140000000000000000e+02 1.117330000000000000e+05
3.150000000000000000e+02 1.114270000000000000e+05
3.160000000000000000e+02 1.119310000000000000e+05
3.170000000000000000e+02 1.115250000000000000e+05
3.180000000000000000e+02 1.113670000000000000e+05
3.190000000000000000e+02 1.114490000000000000e+05
3.200000000000000000e+02 1.118990000000000000e+05
3.210000000000000000e+02 1.120650000000000000e+05
3.220000000000000000e+02 1.120130000000000000e+05
3.230000000000000000e+02 1.113250000000000000e+05
3.240000000000000000e+02 1.119960000000000000e+05
3.250000000000000000e+02 1.121860000000000000e+05
3.260000000000000000e+02 1.121220000000000000e+05
3.270000000000000000e+02 1.112520000000000000e+05
3.280000000000000000e+02 1.110590000000000000e+05
3.290000000000000000e+02 1.123110000000000000e+05
3.300000000000000000e+02 1.112880000000000000e+05
3.310000000000000000e+02 1.119610000000000000e+05
3.320000000000000000e+02 1.123090000000000000e+05
3.330000000000000000e+02 1.119570000000000000e+05
3.340000000000000000e+02 1.113900000000000000e+05
3.350000000000000000e+02 1.111190000000000000e+05
3.360000000000000000e+02 1.113930000000000000e+05
3.370000000000000000e+02 1.113850000000000000e+05
3.380000000000000000e+02 1.111150000000000000e+05
3.390000000000000000e+02 1.111910000000000000e+05
3.400000000000000000e+02 1.107230000000000000e+05
3.410000000000000000e+02 1.103560000000000000e+05
3.420000000000000000e+02 1.103610000000000000e+05
3.430000000000000000e+02 1.107810000000000000e+05
3.440000000000000000e+02 1.099770000000000000e+05
3.450000000000000000e+02 1.095880000000000000e+05
3.460000000000000000e+02 1.089520000000000000e+05
3.470000000000000000e+02 1.085700000000000000e+05
3.480000000000000000e+02 1.089690000000000000e+05
3.490000000000000000e+02 1.073730000000000000e+05
3.500000000000000000e+02 1.079250000000000000e+05
3.510000000000000000e+02 1.062350000000000000e+05
3.520000000000000000e+02 1.057050000000000000e+05
3.530000000000000000e+02 1.034820000000000000e+05
3.540000000000000000e+02 1.022240000000000000e+05
3.550000000000000000e+02 9.962400000000000000e+04
3.560000000000000000e+02 9.871600000000000000e+04
3.570000000000000000e+02 9.742400000000000000e+04
3.580000000000000000e+02 9.727000000000000000e+04
3.590000000000000000e+02 9.725300000000000000e+04
3.600000000000000000e+02 9.754000000000000000e+04
3.610000000000000000e+02 9.873500000000000000e+04
3.620000000000000000e+02 1.005390000000000000e+05
3.630000000000000000e+02 1.021330000000000000e+05
3.640000000000000000e+02 1.040470000000000000e+05
3.650000000000000000e+02 1.052880000000000000e+05
3.660000000000000000e+02 1.059750000000000000e+05
3.670000000000000000e+02 1.077380000000000000e+05
3.680000000000000000e+02 1.080580000000000000e+05
3.690000000000000000e+02 1.085800000000000000e+05
3.700000000000000000e+02 1.083650000000000000e+05
3.710000000000000000e+02 1.101090000000000000e+05
3.720000000000000000e+02 1.101120000000000000e+05
3.730000000000000000e+02 1.103740000000000000e+05
3.740000000000000000e+02 1.109810000000000000e+05
3.750000000000000000e+02 1.113030000000000000e+05
3.760000000000000000e+02 1.112660000000000000e+05
3.770000000000000000e+02 1.108710000000000000e+05
3.780000000000000000e+02 1.113160000000000000e+05
3.790000000000000000e+02 1.107030000000000000e+05
3.800000000000000000e+02 1.114570000000000000e+05
3.810000000000000000e+02 1.112160000000000000e+05
3.820000000000000000e+02 1.114590000000000000e+05
3.830000000000000000e+02 1.121790000000000000e+05
3.840000000000000000e+02 1.110880000000000000e+05
3.850000000000000000e+02 1.115740000000000000e+05
3.860000000000000000e+02 1.114260000000000000e+05
3.870000000000000000e+02 1.115870000000000000e+05
3.880000000000000000e+02 1.118200000000000000e+05
3.890000000000000000e+02 1.121340000000000000e+05
3.900000000000000000e+02 1.121410000000000000e+05
3.910000000000000000e+02 1.111480000000000000e+05
3.920000000000000000e+02 1.119850000000000000e+05
3.930000000000000000e+02 1.119840000000000000e+05
3.940000000000000000e+02 1.116790000000000000e+05
3.950000000000000000e+02 1.117140000000000000e+05
3.960000000000000000e+02 1.115790000000000000e+05
3.970000000000000000e+02 1.116410000000000000e+05
3.980000000000000000e+02 1.114540000000000000e+05
3.990000000000000000e+02 1.122270000000000000e+05
4.000000000000000000e+02 1.119460000000000000e+05
4.010000000000000000e+02 1.121940000000000000e+05
4.020000000000000000e+02 1.118620000000000000e+05
4.030000000000000000e+02 1.113070000000000000e+05
4.040000000000000000e+02 1.117930000000000000e+05
4.050000000000000000e+02 1.112960000000000000e+05
4.060000000000000000e+02 1.115530000000000000e+05
4.070000000000000000e+02 1.110920000000000000e+05
4.080000000000000000e+02 1.113850000000000000e+05
4.090000000000000000e+02 1.110050000000000000e+05
4.100000000000000000e+02 1.110580000000000000e+05
4.110000000000000000e+02 1.109240000000000000e+05
4.120000000000000000e+02 1.108740000000000000e+05
4.130000000000000000e+02 1.110280000000000000e+05
4.140000000000000000e+02 1.104020000000000000e+05
4.150000000000000000e+02 1.100990000000000000e+05
4.160000000000000000e+02 1.098430000000000000e+05
4.170000000000000000e+02 1.101570000000000000e+05
4.180000000000000000e+02 1.095600000000000000e+05
4.190000000000000000e+02 1.086510000000000000e+05
4.200000000000000000e+02 1.086900000000000000e+05
4.210000000000000000e+02 1.090760000000000000e+05
4.220000000000000000e+02 1.081400000000000000e+05
4.230000000000000000e+02 1.075980000000000000e+05
4.240000000000000000e+02 1.066920000000000000e+05
4.250000000000000000e+02 1.064260000000000000e+05
4.260000000000000000e+02 1.050590000000000000e+05
4.270000000000000000e+02 1.047910000000000000e+05
4.280000000000000000e+02 1.039660000000000000e+05
4.290000000000000000e+02 1.014240000000000000e+05
4.300000000000000000e+02 9.973300000000000000e+04
4.310000000000000000e+02 9.775600000000000000e+04
4.320000000000000000e+02 9.632100000000000000e+04
4.330000000000000000e+02 9.548800000000000000e+04
4.340000000000000000e+02 9.511400000000000000e+04
4.350000000000000000e+02 9.573400000000000000e+04
4.360000000000000000e+02 9.744600000000000000e+04
4.370000000000000000e+02 9.791200000000000000e+04
4.380000000000000000e+02 9.983700000000000000e+04
4.390000000000000000e+02 1.015250000000000000e+05
4.400000000000000000e+02 1.031290000000000000e+05
4.410000000000000000e+02 1.045080000000000000e+05
4.420000000000000000e+02 1.053590000000000000e+05
4.430000000000000000e+02 1.074550000000000000e+05
4.440000000000000000e+02 1.080550000000000000e+05
4.450000000000000000e+02 1.089400000000000000e+05
4.460000000000000000e+02 1.097930000000000000e+05
4.470000000000000000e+02 1.101870000000000000e+05
4.480000000000000000e+02 1.095210000000000000e+05
4.490000000000000000e+02 1.105880000000000000e+05
4.500000000000000000e+02 1.103490000000000000e+05
4.510000000000000000e+02 1.106760000000000000e+05
4.520000000000000000e+02 1.106280000000000000e+05
4.530000000000000000e+02 1.110670000000000000e+05
4.540000000000000000e+02 1.113530000000000000e+05
4.550000000000000000e+02 1.116220000000000000e+05
4.560000000000000000e+02 1.108510000000000000e+05
4.570000000000000000e+02 1.109860000000000000e+05
4.580000000000000000e+02 1.112600000000000000e+05
4.590000000000000000e+02 1.115270000000000000e+05
4.600000000000000000e+02 1.116030000000000000e+05
4.610000000000000000e+02 1.120240000000000000e+05
4.620000000000000000e+02 1.121760000000000000e+05
4.630000000000000000e+02 1.126160000000000000e+05
4.640000000000000000e+02 1.119100000000000000e+05
4.650000000000000000e+02 1.120290000000000000e+05
4.660000000000000000e+02 1.115710000000000000e+05
4.670000000000000000e+02 1.119010000000000000e+05
4.680000000000000000e+02 1.120850000000000000e+05
4.690000000000000000e+02 1.122780000000000000e+05
4.700000000000000000e+02 1.120410000000000000e+05
4.710000000000000000e+02 1.114140000000000000e+05
4.720000000000000000e+02 1.120680000000000000e+05
4.730000000000000000e+02 1.118120000000000000e+05
4.740000000000000000e+02 1.118330000000000000e+05
4.750000000000000000e+02 1.118400000000000000e+05
4.760000000000000000e+02 1.118070000000000000e+05
4.770000000000000000e+02 1.120220000000000000e+05
4.780000000000000000e+02 1.122820000000000000e+05
4.790000000000000000e+02 1.118180000000000000e+05
4.800000000000000000e+02 1.120800000000000000e+05
4.810000000000000000e+02 1.122370000000000000e+05
4.820000000000000000e+02 1.121340000000000000e+05
4.830000000000000000e+02 1.119200000000000000e+05
4.840000000000000000e+02 1.120660000000000000e+05
4.850000000000000000e+02 1.119490000000000000e+05
4.860000000000000000e+02 1.131050000000000000e+05
4.870000000000000000e+02 1.125380000000000000e+05
4.880000000000000000e+02 1.119330000000000000e+05
4.890000000000000000e+02 1.116560000000000000e+05
4.900000000000000000e+02 1.123770000000000000e+05
4.910000000000000000e+02 1.121950000000000000e+05
4.920000000000000000e+02 1.127530000000000000e+05
4.930000000000000000e+02 1.122780000000000000e+05
4.940000000000000000e+02 1.122620000000000000e+05
4.950000000000000000e+02 1.124760000000000000e+05
4.960000000000000000e+02 1.122430000000000000e+05
4.970000000000000000e+02 1.128980000000000000e+05
4.980000000000000000e+02 1.127800000000000000e+05
4.990000000000000000e+02 1.125090000000000000e+05
5.000000000000000000e+02 1.120420000000000000e+05
5.010000000000000000e+02 1.123160000000000000e+05
5.020000000000000000e+02 1.124590000000000000e+05
5.030000000000000000e+02 1.122090000000000000e+05
5.040000000000000000e+02 1.123930000000000000e+05
5.050000000000000000e+02 1.125440000000000000e+05
5.060000000000000000e+02 1.117850000000000000e+05
5.070000000000000000e+02 1.127130000000000000e+05
5.080000000000000000e+02 1.119980000000000000e+05
5.090000000000000000e+02 1.122310000000000000e+05
5.100000000000000000e+02 1.116440000000000000e+05
